header: 
  seq: 130110
  stamp: 
    secs: 1696659100
    nsecs:  46569344
  frame_id: "berxel_camera/rgb_optical_frame"
height: 400
width: 640
distortion_model: "plumb_bob"
D: [-0.001993457553908229, -0.008182527497410774, -0.00010150971502298489, 0.00011223031469853595, 0.0]
K: [389.3775939941406, 0.0, 330.2593688964844, 0.0, 389.3775939941406, 204.1276092529297, 0.0, 0.0, 1.0]
R: [1.0, 0.0, 0.0, 0.0, 1.0, 0.0, 0.0, 0.0, 1.0]
P: [389.3775939941406, 0.0, 330.2593688964844, 0.0, 0.0, 389.3775939941406, 204.1276092529297, 0.0, 0.0, 0.0, 1.0, 0.0]
binning_x: 1
binning_y: 1
roi: 
  x_offset: 0
  y_offset: 0
  height: 0
  width: 0
  do_rectify: False
